06 25

13 09 09 09 09 14
11 08 08 08 08 12
11 07 07 07 07 12
11 06 06 06 06 12
11 01 21 21 01 12
11 01 21 21 01 12
11 01 21 21 01 12
11 01 21 21 01 12
11 01 21 21 01 12
11 02 02 02 02 12
11 01 21 21 01 12
11 01 21 21 01 12
11 02 02 02 02 12
11 01 21 21 01 12
11 01 21 21 01 12
11 02 02 02 02 12
11 01 21 21 01 12
11 01 21 21 01 12
11 02 02 02 02 12
11 01 21 21 01 12
11 01 21 21 01 12
11 02 02 02 02 12
11 01 21 21 01 12
16 10 21 21 10 15 
00 00 21 21 00 00

00 00 00 00 00 00
00 00 00 00 00 00
00 00 00 00 00 00
00 00 23 23 00 00
00 00 22 22 00 00
00 00 00 00 00 00
00 00 00 00 00 00
00 00 00 00 00 00
00 00 00 00 00 00
00 00 00 00 00 00
00 00 00 00 00 00
00 00 00 00 00 00
00 00 00 00 00 00
00 00 00 00 00 00
00 00 00 00 00 00
00 00 00 00 00 00
00 00 00 00 00 00
00 00 00 00 00 00
00 00 00 00 00 00
00 00 00 00 00 00
00 00 00 00 00 00
00 00 00 00 00 00
00 00 00 00 00 00
00 00 00 00 00 00
00 00 00 00 00 00

00 00 00 00 00 00
00 00 00 00 00 00
00 00 00 00 00 00
00 00 00 00 00 00
00 00 00 00 00 00
00 00 00 00 00 00
00 00 00 00 00 00
00 00 00 00 00 00
00 00 00 00 00 00
00 00 00 00 00 00
00 00 00 00 00 00
00 00 00 00 00 00
00 00 00 00 00 00
00 00 00 00 00 00
00 00 00 00 00 00
00 00 00 00 00 00
00 00 00 00 00 00
00 00 00 00 00 00
00 00 00 00 00 00
00 00 00 00 00 00
00 00 00 00 00 00
00 00 00 00 00 00
00 00 00 00 00 00
00 00 00 00 00 00
00 00 00 00 00 00

13 09 09 09 09 14
11 08 08 08 08 12
11 07 07 07 07 12
11 06 06 06 06 12
11 00 00 00 00 12
11 00 00 00 00 12
11 00 00 00 00 12
11 00 00 00 00 12
11 00 00 00 00 12
11 00 00 00 00 12
11 00 00 00 00 12
11 00 00 00 00 12
11 00 00 00 00 12
11 00 00 00 00 12
11 00 00 00 00 12
11 00 00 00 00 12
11 00 00 00 00 12
11 00 00 00 00 12
11 00 00 00 00 12
11 00 00 00 00 12
11 00 00 00 00 12
11 00 00 00 00 12
11 00 00 00 00 12
16 10 00 00 10 15 
00 01 00 00 01 00

